214
672
436
633
656
348
628
456
533
247
255
642
998
100
791
597
754
25
663
255
627
174
226
341
439
871
852
939
712
977
136
768
806
998
718
814
444
753
508
651
445
801
543
765
321
14
504
906
880
551
136
471
351
514
729
510
72
912
223
300
389
495
810
953
967
979
492
711
955
199
635
124
615
568
69
86
861
657
546
392
244
755
108
648
897
604
26
611
874
281
836
445
639
932
671
664
734
261
659
230
166
487
768
192
784
808
874
406
116
188
431
119
94
578
119
131
17
343
16
654
722
980
939
90
302
802
509
510
960
734
765
416
755
51
694
182
553
788
129
729
381
668
135
269
518
77
198
284
863
586
471
968
718
520
535
779
842
491
62
97
239
682
575
466
210
284
771
202
899
979
429
804
515
952
555
582
942
949
529
82
330
381
582
338
88
64
78
74
157
613
775
892
613
808
457
35
20
799
81
762
81
258
514
80
421
637
213
765
662
185
166
249
721
392
351
237
725
806
840
392
349
686
62
310
538
643
55
323
452
141
699
751
446
609
912
564
731
588
684
383
879
356
305
419
253
11
357
662
877
126
461
16
952
623
544
522
625
828
779
443
404
436
576
248
625
831
15
95
197
523
281
714
765
19
596
843
888
672
382
59
482
978
169
751
110
539
788
487
652
780
575
583
845
476
530
689
629
751
72
521
290
166
463
79
47
765
17
122
4
842
396
852
641
45
177
756
221
378
18
705
341
232
518
445
332
757
857
886
332
441
614
297
509
470
488
146
604
382
793
483
388
216
412
69
747
146
756
23
534
853
335
198
408
159
689
473
116
947
55
378
857
934
804
982
889
400
804
706
590
659
868
85
73
594
702
558
745
388
488
26
201
199
904
206
380
574
857
370
323
303
151
647
349
950
206
156
225
788
679
421
576
310
423
862
493
957
876
316
46
589
185
19
290
252
645
111
685
711
472
388
719
524
156
674
647
120
494
236
498
749
563
46
209
532
952
401
483
230
321
399
583
436
996
510
252
336
905
82
505
81
440
918
563
553
122
337
351
223
570
713
9
173
699
623
889
689
385
357
605
236
508
939
509
910
178
378
347
471
617
943
908
911
215
857
32
811
319
169
777
916
621
296
722
769
463
147
972
629
758
895
303
344
665
760
43
459
53
162
525
393
456
760
742
458
686
256
736
379
21
953
318
476
595
458
307
191
946
204
987
123
944
683
399
306
299
85
960
428
630
7
268
897
471
661
800
707
364
767
809
618
409
671
688
40
603
907
402
717
276
86
375
941
924
902
411
789
101
845
223
240
417
767
883
988
716
365
757
942
366
359
91
734
83
298
568
855
753
453
572
3
171
873
245
52
114
806
210
92
700
86
262
832
895
772
757
357
365
943
374
702
713
832
881
780
690
943
140
27
898
794
477
402
245
990
652
450
243
304
505
564
783
971
398
848
173
753
66
667
810
300
474
610
411
607
777
603
167
841
27
278
823
710
752
343
530
739
896
121
281
93
666
202
85
881
907
79
322
430
447
160
258
877
184
586
849
309
104
230
93
686
113
198
349
163
86
288
763
297
333
621
917
809
369
949
733
116
235
665
882
257
116
74
309
76
951
935
984
629
410
198
657
824
767
518
865
816
17
743
886
699
218
799
89
727
583
182
459
688
853
544
42
826
953
386
24
915
821
815
839
972
560
320
740
775
960
866
787
452
926
848
302
278
53
141
63
485
382
886
175
718
258
660
3
437
40
361
979
390
497
588
795
397
900
403
605
625
775
544
441
810
742
17
361
87
969
244
565
356
95
28
412
926
619
420
5
324
156
426
816
79
657
542
180
330
9
392
710
745
813
799
876
332
857
164
585
797
615
920
465
541
282
614
119
721
565
910
547
38
730
855
767
453
49
499
671
574
530
472
126
370
990
104
94
310
740
980
136
558
73
426
505
7
48
944
330
390
622
364
264
499
753
773
681
417
849
798
984
97
587
598
67
525
235
936
215
959
764
783
15
337
295
328
584
359
182
553
192
877
793
379
993
201
138
974
35
572
792
158
373
106
277
976
44
790
575
564
65
885
739
433
506
234
551
489
96
241
634
350
854
673
774
400
510
77
50
60
426
701
577
921
425
910
756
976
121
424
121
341
684
474
654
815
353
258
405
689
809
780
826
438
724
290
334
940
444
531
686
391
59
976
30
173
660
64
391
997
789
330
447
995
271
685
120
386
179
93
707
373
805
559
282
141
585
839
316
69
864
120
7
353
726
388
549
241
429
301
507
765
956
368
856
425
43
755
23
290
643
317
102
28
962
630
108
702
77
212
802
649
44
407
940
448
761
899
310
75
611
746
214
576
541
516
56
509
529
315
890
538
830
613
564
685
499
59
790
196
44
346
912
825
906
465
527
689
496
819
745
4
617
918
807
980
196
382
714
400
782
415
453
757
389
436
445
60
54
508
831
110
234
98
748
271
634
548
531
824
699
903
792
374
189
15
262
407
626
559
415
846
26
960
924
2
900
663
547
810
833
347
719
137
878
215
989
687
966
415
5
866
501
675
412
560
500
989
301
233
30
329
512
993
218
56
476
138
984
715
709
434
290
813
722
643
623
897
624
53
665
824
317
447
311
465
874
864
61
898
548
787
159
218
374
212
46
765
435
285
650
644
419
285
876
689
27
338
324
462
330
136
658
676
122
484
220
682
314
787
917
49
261
804
478
892
518
410
844
771
674
832
383
702
941
228
323
31
693
632
210
604
1
749
360
324
808
662
396
799
61
181
661
427
154
810
946
910
152
365
942
457
716
515
463
879
464
414
992
422
958
183
906
759
913
268
667
544
885
234
962
564
230
778
730
905
788
961
912
813
597
546
930
891
42
65
31
909
771
690
760
265
354
141
824
55
37
896
126
662
834
641
864
938
90
604
515
739
60
813
621
71
115
952
360
222
112
918
391
259
923
137
969
610
179
575
405
368
0
190
784
346
923
439
230
248
696
765
765
855
261
535
831
373
620
446
367
988
587
494
44
577
470
233
916
17
776
602
745
977
185
334
210
549
462
54
715
66
298
115
799
413
220
71
49
765
800
96
714
831
260
545
966
129
676
151
400
952
168
696
59
307
481
671
194
127
33
843
334
315
8
305
7
161
35
735
876
134
115
20
771
127
192
60
628
693
263
678
818
221
504
698
534
284
170
986
619
600
165
981
284
90
249
704
165
73
881
749
966
545
202
233
907
19
563
250
243
435
180
273
312
936
853
12
24
774
465
43
11
589
971
653
255
708
465
708
40
770
397
226
103
919
170
2
826
366
718
88
762
257
885
744
464
523
819
495
120
628
193
878
270
400
243
77
729
477
602
922
802
228
165
91
880
564
291
199
307
104
928
920
104
112
652
61
46
252
496
538
81
821
117
345
64
279
498
827
764
686
866
720
738
276
760
446
504
50
586
164
888
507
359
642
122
800
393
795
320
818
251
832
128
192
406
416
411
819
490
988
771
326
237
689
757
367
891
872
209
934
802
567
967
870
742
947
814
728
502
684
387
443
836
340
596
276
752
731
932
29
671
615
779
24
262
449
211
148
118
179
778
832
285
777
830
95
254
128
261
149
222
832
85
27
341
946
463
742
625
909
277
570
114
15
681
705
620
350
502
305
652
91
685
338
253
233
105
690
107
961
817
372
22
36
944
817
472
301
725
918
177
109
233
641
391
347
983
473
947
552
998
196
742
376
348
290
955
320
142
674
339
144
28
443
502
737
687
132
658
363
147
925
292
344
3
31
907
30
522
221
436
980
749
776
136
917
993
888
231
252
821
901
319
806
792
800
314
107
782
602
502
122
873
897
276
50
159
830
193
477
690
457
709
661
502
292
133
225
635
153
962
450
280
284
454
584
255
401
607
762
544
459
53
27
399
812
697
410
782
301
659
640
636
856
451
938
519
281
707
889
669
238
917
931
75
434
603
765
952
824
482
600
295
353
413
588
406
407
859
931
260
409
295
871
957
34
323
64
692
337
222
475
577
89
496
204
262
211
701
991
676
838
975
277
64
208
180
688
966
701
439
774
281
516
836
603
384
44
638
674
463
178
225
359
247
944
863
158
908
683
88
40
597
953
59
801
346
611
216
71
602
610
746
338
484
729
884
345
947
97
305
638
40
485
820
5
402
192
979
468
523
992
48
159
107
433
160
764
405
236
255
531
712
163
145
602
299
414
487
493
137
0
551
787
420
33
126
187
650
71
23
992
919
638
48
480
916
288
698
695
637
807
835
291
864
811
111
714
458
366
670
459
547
826
902
28
711
608
316
646
642
717
717
685
4
663
191
986
873
741
146
52
474
89
69
67
444
340
434
339
679
145
426
615
512
297
943
327
246
206
742
693
842
58
31
503
984
257
373
556
39
660
104
334
346
423
744
329
176
876
71
258
31
63
670
553
228
397
342
78
13
19
631
253
413
63
802
821
509
261
651
573
483
467
903
822
189
287
251
256
0
492
134
726
469
340
639
167
864
700
643
351
872
705
880
848
717
826
728
853
233
94
309
592
336
22
218
456
4
398
854
877
813
908
530
75
52
915
259
41
162
931
332
513
83
443
416
24
927
11
269
572
302
575
140
584
559
975
202
338
975
851
780
902
579
796
745
81
331
419
962
663
23
240
672
732
626
276
648
720
249
136
940
638
272
172
433
239
972
94
650
356
625
784
654
754
296
170
267
576
414
807
462
948
586
703
803
865
831
233
500
75
266
209
494
829
951
146
162
841
9
61
668
451
529
89
750
280
329
392
159
820
208
155
994
587
288
546
620
212
800
745
525
177
885
207
508
473
659
114
890
205
709
249
370
999
84
652
594
662
603
256
277
126
335
107
497
701
417
591
910
661
134
839
596
257
405
907
853
389
431
520
871
182
459
964
94
834
816
628
379
20
171
685
624
233
227
493
269
318
658
424
267
706
465
620
691
823
192
565
566
828
625
515
870
231
955
662
634
391
752
255
727
197
625
516
363
944
895
600
567
168
113
785
275
846
277
534
247
231
477
940
618
919
473
747
177
558
925
638
998
481
330
696
275
246
891
888
958
506
869
607
674
290
328
685
454
862
542
928
602
205
752
165
69
117
47
566
341
320
67
693
176
196
371
428
594
103
874
726
976
253
824
677
911
953
791
738
487
472
644
379
25
788
298
969
120
162
158
132
101
393
744
264
436
444
595
653
946
952
469
822
18
998
373
215
120
406
429
225
204
865
116
318
812
250
307
744
569
32
676
937
32
213
903
536
637
607
187
251
362
785
442
15
307
680
537
777
90
929
589
370
849
618
665
440
985
419
136
960
145
407
773
238
388
178
746
20
59
834
921
772
565
644
662
965
413
766
399
146
455
708
9
352
99
489
7
396
51
969
156
431
249
133
605
897
663
117
624
106
254
461
326
953
214
67
209
33
626
904
420
70
535
30
280
525
373
583
1
266
363
138
731
923
587
194
902
134
353
330
685
93
420
58
410
278
983
216
837
748
472
335
942
151
642
287
284
371
895
409
583
328
548
397
797
614
195
684
998
692
425
686
746
183
791
608
429
70
981
200
301
379
874
554
364
402
340
297
138
671
31
305
996
601
526
552
565
898
358
281
779
901
996
294
914
953
541
312
211
621
989
90
54
103
458
727
489
963
168
450
115
403
399
751
831
681
609
793
828
42
929
737
60
171
715
240
439
802
725
528
529
852
39
122
797
269
503
362
555
476
308
160
53
858
246
51
359
358
175
183
387
187
534
853
887
376
355
890
310
863
716
330
24
14
824
597
401
261
36
733
434
618
722
137
758
476
592
902
672
518
440
86
88
193
183
474
262
662
114
253
84
896
682
205
180
921
436
965
688
461
569
560
511
298
240
981
892
918
647
341
115
836
791
40
975
842
763
982
802
157
114
923
456
647
571
372
852
216
944
610
574
803
986
440
737
13
107
582
847
844
996
563
531
744
222
569
54
878
933
791
814
97
620
73
69
186
119
235
838
178
289
815
83
430
68
532
360
860
485
846
114
925
57
132
793
193
337
439
166
401
915
346
299
856
456
29
60
710
378
466
12
559
33
429
713
951
171
1
833
719
413
231
633
572
301
55
151
698
440
849
486
105
673
133
388
392
131
902
845
326
261
205
493
960
416
720
673
787
535
708
387
80
728
603
637
892
748
249
868
163
209
75
119
870
990
183
694
596
173
784
640
300
610
907
385
236
265
917
481
123
753
663
798
48
435
907
478
363
233
876
664
1
452
40
324
189
943
586
95
64
172
23
226
289
283
303
545
446
224
950
429
954
875
721
813
992
41
153
950
731
934
64
457
27
437
342
840
960
265
508
445
763
22
50
445
29
755
997
923
828
817
877
402
727
657
41
758
366
342
223
590
637
680
505
906
648
318
210
832
110
110
210
705
119
881
281
940
14
747
190
936
318
850
505
571
86
460
798
830
183
169
988
477
454
519
428
256
831
130
908
950
576
703
572
3
9
330
583
633
634
370
36
405
92
633
695
440
208
288
641
549
653
593
248
13
861
62
458
983
355
876
78
995
128
395
625
121
167
240
804
434
294
285
118
531
662
546
874
766
245
471
417
895
481
81
984
193
628
93
849
738
858
185
530
707
546
602
577
906
499
850
879
699
0
394
567
436
988
432
217
834
351
497
636
627
321
112
425
867
128
951
596
93
153
65
961
162
638
151
852
106
805
551
987
920
921
535
297
744
134
319
43
595
821
483
201
259
896
757
438
487
77
180
927
591
347
228
132
278
610
503
633
133
417
871
287
152
422
709
873
712
962
977
884
179
820
796
888
234
273
702
730
840
985
949
676
590
231
501
969
943
283
392
399
252
241
176
715
683
73
323
513
422
356
813
755
254
208
312
73
755
804
240
363
276
842
738
31
414
462
820
121
253
655
339
977
696
713
570
349
440
124
946
712
514
483
585
117
763
967
825
226
805
220
714
93
919
514
803
162
301
32
302
450
357
315
572
593
205
168
511
842
630
960
99
998
974
585
456
20
516
724
99
647
834
391
922
20
370
377
899
231
656
514
906
963
424
201
839
428
495
107
622
414
127
24
548
317
471
818
886
951
147
870
66
966
630
243
971
58
390
658
783
276
96
600
165
690
222
206
611
174
143
892
222
920
90
713
625
547
748
611
839
868
936
782
660
887
854
337
95
717
85
10
974
480
810
426
513
0
801
135
184
102
413
336
54
481
322
751
75
638
560
71
842
919
995
636
810
692
766
607
929
704
68
804
299
308
703
171
687
857
804
504
174
127
493
710
725
175
868
527
904
886
665
920
359
365
313
321
66
999
612
758
738
842
111
644
693
41
857
457
705
523
881
695
908
376
667
659
352
308
352
913
768
831
365
462
7
183
166
949
374
272
197
824
104
803
792
608
779
168
777
19
944
196
716
948
203
769
909
531
915
735
548
51
366
290
96
96
103
868
394
467
494
584
132
390
568
158
621
710
709
172
954
172
778
94
173
710
51
95
403
607
818
763
694
613
358
8
576
856
38
921
38
864
565
138
248
967
735
241
162
80
784
191
215
552
316
478
53
826
689
91
493
754
153
107
41
32
305
452
993
485
990
533
836
468
311
37
701
32
328
338
639
374
337
54
381
657
712
117
964
80
566
37
549
980
177
424
145
212
124
223
752
552
460
959
94
859
396
810
240
231
706
679
530
905
387
200
726
656
560
695
800
585
706
339
271
398
493
904
390
203
563
601
269
97
154
79
408
858
417
195
156
232
335
760
652
989
560
973
732
995
872
659
343
516
966
626
910
105
434
435
256
353
201
719
318
312
678
656
758
132
52
670
408
751
715
470
234
28
789
801
649
287
137
6
468
695
685
852
917
471
163
826
820
430
461
868
426
763
586
788
457
883
837
240
419
227
270
545
476
801
269
748
355
980
959
519
470
523
233
891
520
332
975
606
1
221
145
424
824
641
239
38
474
146
106
983
57
663
690
825
96
484
195
947
16
321
785
934
995
755
947
152
723
601
301
883
39
97
988
910
439
547
18
772
609
175
559
842
283
128
228
845
370
899
763
415
48
92
207
555
96
633
969
681
236
785
931
768
713
61
736
686
449
322
346
177
40
432
986
177
979
416
461
225
153
472
937
740
875
645
349
811
889
854
475
279
825
911
931
874
795
754
234
769
881
398
63
477
730
673
629
566
450
365
4
388
398
425
496
157
997
712
837
250
334
896
799
122
592
366
780
372
251
948
44
276
758
198
619
834
194
630
689
365
105
339
679
89
652
686
840
489
851
503
850
477
623
184
950
378
678
144
199
117
669
3
74
0
307
60
604
446
136
795
486
516
812
368
645
263
48
23
74
482
974
593
753
535
680
611
25
335
894
3
205
345
434
799
733
621
703
204
110
334
443
794
747
117
426
450
983
687
285
897
852
10
970
89
814
223
283
898
21
534
776
38
852
425
135
643
101
32
880
229
427
321
46
866
558
236
996
511
238
962
91
546
502
658
775
584
497
860
284
312
530
395
569
154
199
190
715
644
623
307
880
648
564
704
146
935
444
488
148
524
419
306
681
780
910
190
722
396
847
989
462
221
841
862
630
957
968
330
857
63
816
789
256
959
112
110
295
784
103
860
141
297
955
671
698
10
680
389
913
593
446
518
469
5
929
541
766
553
423
343
108
138
502
814
33
746
931
56
851
821
280
291
104
404
111
666
145
992
64
785
381
304
459
811
405
811
840
844
988
758
943
566
242
878
57
559
708
321
171
689
288
948
293
510
941
799
352
808
805
797
153
751
563
811
261
211
500
653
974
641
202
217
812
767
363
331
181
516
811
400
130
223
874
23
690
621
418
565
179
582
646
502
850
483
569
931
140
515
406
367
757
912
311
928
714
796
242
826
685
108
510
309
435
565
211
426
564
948
925
347
905
817
724
107
103
365
751
180
591
877
610
908
209
903
261
692
431
814
397
685
805
918
771
234
63
637
135
216
6
630
411
927
906
882
58
171
912
202
76
225
685
666
453
494
914
289
495
951
250
583
406
908
521
56
566
998
691
882
487
385
200
472
998
468
810
200
11
669
602
837
798
116
22
756
266
102
870
837
344
558
582
321
967
336
415
153
633
876
876
469
239
722
674
551
769
918
161
572
646
579
872
650
929
809
768
762
120
809
748
75
844
939
277
626
182
777
528
486
288
950
570
683
487
757
178
70
228
71
24
819
578
686
106
431
14
472
274
716
689
478
38
466
468
177
159
966
597
616
755
726
785
488
469
10
809
315
722
974
946
791
63
247
810
108
456
132
705
76
771
682
720
301
590
582
297
503
258
234
466
384
246
819
729
871
686
415
483
164
254
813
875
891
561
423
59
48
199
3
637
766
656
821
628
677
48
787
111
695
256
870
758
817
333
501
39
547
265
304
71
260
475
366
835
182
905
764
71
267
860
602
102
532
853
382
694
946
688
922
900
887
633
51
407
867
477
929
961
522
21
690
861
92
310
510
685
171
32
449
422
780
599
184
27
644
762
153
379
472
136
488
314
293
26
446
291
207
729
953
634
885
217
34
683
620
517
852
667
928
319
146
310
273
378
971
752
394
283
839
258
564
492
845
526
335
291
38
458
692
219
511
705
872
567
295
575
315
941
607
422
606
445
54
833
746
394
803
109
604
426
886
54
756
344
904
30
688
779
509
85
300
156
654
493
961
75
654
824
796
913
234
185
128
697
759
259
878
273
662
296
432
6
250
300
928
177
826
856
725
308
697
678
47
854
701
209
505
207
447
859
563
296
330
655
529
244
411
775
609
547
577
64
961
915
602
103
775
676
231
720
885
349
619
6
368
270
20
725
400
894
773
520
329
670
268
44
459
858
717
239
453
894
415
693
65
477
478
526
128
424
400
595
438
923
552
281
480
575
943
385
282
861
306
181
450
168
95
795
349
604
246
407
29
642
36
274
73
387
867
85
615
498
989
204
175
693
692
69
209
227
303
382
773
801
790
235
949
454
186
480
734
971
554
152
312
55
344
793
706
731
747
853
179
449
748
950
490
775
872
442
796
79
107
177
243
867
731
453
643
340
148
377
240
977
627
179
118
877
703
512
806
587
52
685
935
193
734
758
389
749
848
869
168
995
833
466
629
7
776
696
867
557
476
217
724
719
134
716
294
653
242
153
353
709
590
54
882
279
539
354
902
381
654
345
192
495
858
204
768
622
289
492
289
167
469
605
82
884
6
700
148
315
530
383
257
796
399
992
955
65
17
463
399
546
516
257
395
913
514
179
780
66
611
981
331
114
897
628
213
720
820
955
590
540
137
101
442
835
42
658
934
281
12
437
331
868
844
489
656
575
274
630
980
468
516
720
683
427
921
128
645
959
510
848
501
379
572
21
719
35
349
10
690
489
598
804
866
555
781
265
371
500
565
429
827
392
362
850
416
564
764
151
317
198
887
943
824
648
97
60
932
838
92
91
289
941
315
251
945
954
822
233
600
120
712
299
407
830
423
131
194
402
648
82
29
243
479
137
876
601
923
27
905
512
111
435
436
320
911
521
244
300
996
284
668
516
512
590
950
21
923
331
78
369
466
943
44
899
186
787
382
359
285
110
657
830
373
75
769
892
92
745
547
183
123
607
760
674
931
111
887
607
256
492
438
226
726
376
356
729
255
328
739
618
894
664
417
325
480
676
503
539
769
701
29
212
626
490
969
268
435
500
934
621
896
547
449
983
239
796
112
261
63
871
990
124
268
805
916
632
112
271
920
194
318
486
950
399
419
354
332
452
453
657
723
805
505
807
699
473
63
225
703
157
227
298
32
417
444
298
465
410
914
119
204
165
332
133
260
736
355
524
330
176
458
720
455
758
724
806
383
60
198
296
6
834
520
341
542
343
568
247
322
345
326
173
129
859
389
635
609
487
744
240
366
525
189
95
96
425
163
18
603
998
544
940
294
51
114
151
125
837
862
91
837
740
850
655
89
398
315
906
274
687
436
412
705
574
494
37
609
406
76
929
259
927
602
237
298
945
630
850
184
479
472
395
892
179
266
258
980
630
456
167
491
345
971
601
406
260
303
280
716
606
233
972
42
27
436
961
938
25
512
581
18
311
694
944
117
780
279
447
429
33
452
253
701
857
296
749
705
779
235
221
699
712
480
834
23
297
386
278
207
624
207
540
637
434
83
638
396
527
118
381
865
13
15
349
203
123
544
144
385
998
328
148
733
5
490
619
343
500
35
144
717
314
678
493
800
866
930
687
158
183
566
948
951
105
209
654
718
873
388
121
616
392
400
27
261
6
209
372
492
234
931
857
411
766
715
288
780
172
631
610
950
288
943
414
846
552
740
463
367
700
450
4
762
992
540
338
893
443
487
477
696
660
564
300
924
577
576
856
347
368
428
526
799
739
520
178
828
797
742
185
550
300
290
784
668
863
225
454
352
67
411
407
895
369
92
352
114
553
437
191
477
588
26
257
859
447
880
151
761
356
573
777
248
418
450
40
916
591
571
81
945
784
815
340
822
894
325
976
251
939
161
829
282
24
598
728
837
582
717
238
908
592
112
112
222
0
65
591
552
298
206
244
78
633
496
147
676
368
466
489
360
123
887
308
660
633
661
159
715
897
585
445
592
881
61
769
630
60
554
392
789
674
280
323
299
81
610
231
899
825
97
495
232
282
924
118
175
120
333
571
245
634
72
85
204
675
747
745
556
738
856
166
182
522
94
643
380
165
768
734
542
646
926
8
591
490
478
645
651
683
472
88
739
513
934
611
66
956
939
603
940
86
752
276
774
336
870
109
933
956
316
613
736
652
786
240
923
790
678
592
998
29
189
534
641
304
657
551
628
588
153
533
427
38
741
333
717
384
137
401
62
859
311
70
756
334
386
571
465
711
435
400
749
164
243
837
378
480
966
65
524
63
973
851
624
111
988
43
861
821
256
209
550
245
689
850
189
739
322
191
850
747
602
149
831
449
815
735
10
447
776
610
973
135
874
415
261
289
837
794
823
318
571
30
77
910
120
903
690
491
832
923
920
303
963
449
53
423
160
278
148
867
79
222
25
862
42
468
774
637
391
477
23
708
685
3
984
879
59
908
844
460
813
714
190
576
529
826
815
904
635
631
673
553
283
907
156
530
708
415
785
103
654
52
194
155
370
308
58
24
485
161
621
576
592
307
483
917
657
84
545
849
615
683
728
452
478
645
711
975
477
13
5
38
748
346
865
343
602
606
862
28
836
321
930
286
942
590
214
133
483
168
353
492
776
952
505
206
157
518
696
805
166
497
32
920
691
593
316
180
230
34
98
177
628
532
776
159
864
117
840
255
170
5
416
247
267
293
308
798
869
435
413
7
647
125
578
785
237
207
508
526
768
250
503
483
273
392
500
129
614
308
973
257
476
841
571
881
254
902
409
780
320
981
451
461
186
656
588
864
295
305
482
441
820
31
785
636
583
300
636
889
487
819
644
237
131
559
648
458
344
132
181
578
408
878
515
832
797
246
781
932
400
453
735
447
631
916
84
297
470
656
848
928
859
598
237
554
542
493
14
554
397
594
29
388
709
558
608
373
91
273
95
853
762
164
63
314
270
405
484
214
333
428
478
709
970
106
578
421
304
226
842
233
199
77
588
147
894
344
62
114
134
593
548
847
372
621
383
865
940
208
42
673
637
584
184
496
980
219
684
452
31
874
606
308
533
748
726
88
599
758
912
943
805
710
2
950
686
153
21
303
917
44
868
786
190
886
177
323
761
308
675
673
6
364
296
355
115
173
814
374
220
428
122
91
164
385
342
193
361
937
980
549
618
490
730
100
599
545
558
607
953
991
340
485
144
195
854
4
916
627
795
325
172
112
156
502
315
160
564
975
568
444
676
110
298
381
701
51
432
242
251
909
774
60
874
85
773
192
336
7
362
205
531
711
65
346
395
602
281
315
274
158
369
123
645
958
876
262
331
740
558
11
31
336
76
87
264
845
730
744
296
558
910
238
935
640
340
188
912
963
379
745
95
355
661
822
726
937
391
389
869
546
186
488
159
89
166
204
840
146
275
33
892
401
504
509
394
520
840
587
75
361
599
270
486
938
180
447
219
178
584
787
7
69
98
17
99
654
868
563
488
170
321
752
213
192
415
766
968
612
817
862
521
727
491
864
470
239
80
362
508
48
110
845
665
906
563
127
851
141
355
960
20
155
478
805
332
645
952
43
885
650
889
797
958
492
45
313
772
470
575
24
665
104
885
979
312
761
451
866
366
263
219
150
206
592
421
504
579
931
554
273
811
63
436
842
327
833
92
795
872
846
148
357
520
580
49
829
319
381
37
504
566
466
303
327
965
898
63
753
537
865
769
706
410
260
931
935
805
304
691
897
457
410
822
367
707
879
70
524
848
829
995
92
464
693
788
286
214
28
52
708
264
348
598
633
692
510
725
435
159
367
34
540
797
75
4
492
183
601
472
482
779
592
84
391
875
306
30
754
885
560
87
446
231
582
729
901
639
896
758
664
949
318
344
346
519
365
392
192
720
574
690
268
169
11
24
663
231
638
655
404
594
725
539
104
490
563
148
734
624
858
726
570
71
106
287
924
303
365
450
276
863
