312
26
821
169
801
107
956
609
662
971
18
598
331
75
515
694
839
489
514
699
322
102
696
7
944
667
410
783
567
975
57
406
604
256
612
894
801
168
372
718
597
144
491
364
521
41
627
749
579
926
256
537
978
811
140
27
4
558
809
611
558
60
241
327
330
779
526
235
882
756
858
869
58
27
708
787
978
801
321
978
968
870
393
983
753
950
893
903
147
537
883
813
838
519
843
437
69
13
574
610
602
703
384
962
31
294
644
446
737
437
400
543
701
817
731
926
384
730
718
757
401
800
974
912
188
72
601
975
27
187
722
636
30
37
258
968
175
190
720
183
436
494
438
788
125
943
874
335
824
884
568
95
832
618
490
327
824
869
507
240
967
481
468
150
861
306
674
703
336
725
92
652
94
874
247
675
740
623
898
855
579
896
123
939
442
473
600
552
209
853
575
453
908
63
224
506
602
844
860
448
454
879
372
268
585
785
571
198
726
92
57
939
376
431
189
66
711
444
608
1
824
433
100
846
98
485
994
666
350
478
350
923
371
298
277
64
326
263
526
269
982
726
59
16
670
446
461
835
289
355
496
16
390
976
899
468
752
977
856
567
647
177
867
103
27
11
695
970
663
761
273
578
192
451
384
192
471
497
148
118
326
170
145
524
55
613
42
220
64
102
741
285
916
141
314
382
551
634
687
987
478
303
434
917
404
785
148
987
20
741
960
830
951
142
737
867
33
867
575
608
987
306
19
471
985
834
386
590
750
590
907
785
490
699
743
491
633
12
28
609
778
123
966
548
394
222
822
285
198
591
728
720
276
838
378
583
182
457
286
351
490
826
954
202
767
337
434
689
980
974
731
260
264
257
803
735
251
216
575
559
144
724
111
926
314
548
509
396
528
360
66
291
475
540
142
157
951
33
876
834
777
4
516
981
212
499
757
63
396
198
713
318
190
369
401
799
193
68
93
301
494
900
71
598
914
404
205
469
682
452
931
404
243
477
265
526
570
711
208
328
39
676
601
501
853
679
11
763
577
870
582
889
858
238
0
420
586
796
418
98
732
591
569
226
164
503
610
781
821
217
930
463
420
14
26
485
270
63
259
958
823
706
289
318
127
578
82
623
805
540
654
276
348
834
201
143
94
232
603
207
150
448
765
155
660
607
153
368
82
212
511
831
885
918
273
965
53
344
863
385
770
639
861
70
297
67
270
654
572
305
441
824
925
784
150
554
248
307
146
915
271
437
825
950
471
141
527
868
728
804
109
146
813
519
460
839
126
368
565
21
861
921
745
235
27
78
17
581
671
609
980
666
461
821
573
540
986
871
964
446
758
634
316
400
49
281
182
109
119
751
782
361
706
42
883
172
501
381
546
331
699
83
914
697
166
697
557
238
732
420
713
11
22
918
342
840
905
445
817
355
473
492
818
198
610
218
848
91
44
353
291
81
803
568
152
549
502
932
117
579
886
748
200
560
513
98
645
343
60
707
398
199
166
505
310
992
131
551
186
291
824
868
166
390
222
615
169
812
858
532
715
695
742
674
547
354
760
357
638
315
267
201
308
505
47
300
904
147
701
277
477
80
129
307
788
795
179
683
222
874
15
65
520
744
724
963
757
783
331
950
658
867
579
757
808
900
626
993
769
981
458
490
858
460
353
46
692
610
732
594
530
325
231
399
474
558
673
798
211
17
920
975
45
356
461
669
501
197
67
893
844
174
604
480
112
867
806
635
906
320
780
737
635
524
777
254
348
16
893
128
959
937
517
81
834
760
302
465
212
225
896
153
330
194
778
211
790
426
867
165
389
71
705
528
434
824
435
70
287
635
481
389
314
858
156
620
568
409
824
183
800
577
912
983
913
181
952
425
902
259
958
330
831
761
163
625
391
964
450
703
345
892
411
114
246
531
748
747
713
558
875
646
390
762
806
934
228
822
345
873
640
314
857
682
319
228
517
393
422
108
438
416
503
758
902
917
81
936
497
948
196
313
127
248
541
272
984
745
65
683
854
175
669
238
841
568
366
30
420
128
956
60
754
709
679
965
544
354
992
357
395
523
546
401
165
733
823
54
105
262
807
523
512
813
459
781
159
271
800
334
34
529
675
124
815
450
227
486
702
164
800
238
301
500
165
288
472
495
342
897
814
917
611
76
454
747
167
239
344
836
17
390
401
933
424
138
882
825
424
748
680
396
569
336
102
495
189
146
800
863
666
224
192
278
825
810
916
163
576
426
846
82
106
113
455
793
801
156
794
615
439
58
168
900
510
645
453
18
484
169
